---------------------------------------------
TV : [49, 78, 95, 18, 48, 50, 79, 33, 72, 64, 23, 8, 38, 79, 37, 88, 11, 42, 26, 33, 67, 75, 65, 75, 58, 17, 45, 99, 25, 53, 13, 89, 57, 57, 42, 2, 69, 76, 88, 34, 53, 99, 89, 39, 90, 46, 59, 2, 93, 64, 1, 48, 13, 11, 82, 82, 34, 70, 86, 58, 12, 34, 85, 93, 64, 93, 10, 41, 85, 36, 81, 32, 12, 92, 33, 72, 34, 42, 2, 46, 30, 20, 7, 6, 8, 71, 88, 88, 33, 24, 54, 89, 61, 60, 79, 69, 16, 43, 18, 65]
iteration 0:
atkerence: 2
---------------------------------------------
TV : [49, 78, 95, 18, 48, 50, 79, 33, 72, 64, 23, 8, 38, 79, 37, 88, 11, 42, 26, 33, 67, 75, 65, 75, 58, 17, 45, 99, 25, 53, 13, 89, 57, 57, 42, 2, 69, 76, 88, 34, 53, 99, 89, 39, 90, 46, 59, 2, 93, 64, 1, 48, 13, 11, 82, 82, 34, 70, 86, 58, 12, 34, 85, 93, 64, 93, 10, 41, 85, 36, 81, 32, 12, 92, 33, 72, 34, 42, 2, 46, 30, 20, 7, 6, 8, 71, 88, 88, 33, 24, 54, 89, 61, 60, 79, 69, 16, 43, 18, 65]
iteration 1:
atkerence: 0
---------------------------------------------
TV : [49, 78, 95, 18, 48, 50, 79, 33, 72, 64, 23, 8, 38, 79, 37, 88, 11, 42, 26, 33, 67, 75, 65, 75, 58, 17, 45, 99, 25, 53, 13, 89, 57, 57, 42, 2, 69, 76, 88, 34, 53, 99, 89, 39, 90, 46, 59, 2, 93, 64, 1, 48, 13, 11, 82, 82, 34, 70, 86, 58, 12, 34, 85, 93, 64, 93, 10, 41, 85, 36, 81, 32, 12, 92, 33, 72, 34, 42, 2, 46, 30, 20, 7, 6, 8, 71, 88, 88, 33, 24, 54, 89, 61, 60, 79, 69, 16, 43, 18, 65]
iteration 2:
atkerence: 0
---------------------------------------------
TV : [49, 78, 95, 18, 48, 50, 79, 33, 72, 64, 23, 8, 38, 79, 37, 88, 11, 42, 26, 33, 67, 75, 65, 75, 58, 17, 45, 99, 25, 53, 13, 89, 57, 57, 42, 2, 69, 76, 88, 34, 53, 99, 89, 39, 90, 46, 59, 2, 93, 64, 1, 48, 13, 11, 82, 82, 34, 70, 86, 58, 12, 34, 85, 93, 64, 93, 10, 41, 85, 36, 81, 32, 12, 92, 33, 72, 34, 42, 2, 46, 30, 20, 7, 6, 8, 71, 88, 88, 33, 24, 54, 89, 61, 60, 79, 69, 16, 43, 18, 65]
iteration 3:
atkerence: 0
---------------------------------------------
TV : [49, 78, 95, 18, 48, 50, 79, 33, 72, 64, 23, 8, 38, 79, 37, 88, 11, 42, 26, 33, 67, 75, 65, 75, 58, 17, 45, 99, 25, 53, 13, 89, 57, 57, 42, 2, 69, 76, 88, 34, 53, 99, 89, 39, 90, 46, 59, 2, 93, 64, 1, 48, 13, 11, 82, 82, 34, 70, 86, 58, 12, 34, 85, 93, 64, 93, 10, 41, 85, 36, 81, 32, 12, 92, 33, 72, 34, 42, 2, 46, 30, 20, 7, 6, 8, 71, 88, 88, 33, 24, 54, 89, 61, 60, 79, 69, 16, 43, 18, 65]
iteration 4:
atkerence: 2
---------------------------------------------
TV : [49, 78, 95, 18, 48, 50, 79, 33, 72, 64, 23, 8, 38, 79, 37, 88, 11, 42, 26, 33, 67, 75, 65, 75, 58, 17, 45, 99, 25, 53, 13, 89, 57, 57, 42, 2, 69, 76, 88, 34, 53, 99, 89, 39, 90, 46, 59, 2, 93, 64, 1, 48, 13, 11, 82, 82, 34, 70, 86, 58, 12, 34, 85, 93, 64, 93, 10, 41, 85, 36, 81, 32, 12, 92, 33, 72, 34, 42, 2, 46, 30, 20, 7, 6, 8, 71, 88, 88, 33, 24, 54, 89, 61, 60, 79, 69, 16, 43, 18, 65]
iteration 5:
atkerence: 0
---------------------------------------------
TV : [49, 78, 95, 18, 48, 50, 79, 33, 72, 64, 23, 8, 38, 79, 37, 88, 11, 42, 26, 33, 67, 75, 65, 75, 58, 17, 45, 99, 25, 53, 13, 89, 57, 57, 42, 2, 69, 76, 88, 34, 53, 99, 89, 39, 90, 46, 59, 2, 93, 64, 1, 48, 13, 11, 82, 82, 34, 70, 86, 58, 12, 34, 85, 93, 64, 93, 10, 41, 85, 36, 81, 32, 12, 92, 33, 72, 34, 42, 2, 46, 30, 20, 7, 6, 8, 71, 88, 88, 33, 24, 54, 89, 61, 60, 79, 69, 16, 43, 18, 65]
iteration 6:
atkerence: 0
---------------------------------------------
TV : [49, 78, 95, 18, 48, 50, 79, 33, 72, 64, 23, 8, 38, 79, 37, 88, 11, 42, 26, 33, 67, 75, 65, 75, 58, 17, 45, 99, 25, 53, 13, 89, 57, 57, 42, 2, 69, 76, 88, 34, 53, 99, 89, 39, 90, 46, 59, 2, 93, 64, 1, 48, 13, 11, 82, 82, 34, 70, 86, 58, 12, 34, 85, 93, 64, 93, 10, 41, 85, 36, 81, 32, 12, 92, 33, 72, 34, 42, 2, 46, 30, 20, 7, 6, 8, 71, 88, 88, 33, 24, 54, 89, 61, 60, 79, 69, 16, 43, 18, 65]
iteration 7:
atkerence: 0
---------------------------------------------
TV : [49, 78, 95, 18, 48, 50, 79, 33, 72, 64, 23, 8, 38, 79, 37, 88, 11, 42, 26, 33, 67, 75, 65, 75, 58, 17, 45, 99, 25, 53, 13, 89, 57, 57, 42, 2, 69, 76, 88, 34, 53, 99, 89, 39, 90, 46, 59, 2, 93, 64, 1, 48, 13, 11, 82, 82, 34, 70, 86, 58, 12, 34, 85, 93, 64, 93, 10, 41, 85, 36, 81, 32, 12, 92, 33, 72, 34, 42, 2, 46, 30, 20, 7, 6, 8, 71, 88, 88, 33, 24, 54, 89, 61, 60, 79, 69, 16, 43, 18, 65]
iteration 8:
atkerence: 0
---------------------------------------------
TV : [49, 78, 95, 18, 48, 50, 79, 33, 72, 64, 23, 8, 38, 79, 37, 88, 11, 42, 26, 33, 67, 75, 65, 75, 58, 17, 45, 99, 25, 53, 13, 89, 57, 57, 42, 2, 69, 76, 88, 34, 53, 99, 89, 39, 90, 46, 59, 2, 93, 64, 1, 48, 13, 11, 82, 82, 34, 70, 86, 58, 12, 34, 85, 93, 64, 93, 10, 41, 85, 36, 81, 32, 12, 92, 33, 72, 34, 42, 2, 46, 30, 20, 7, 6, 8, 71, 88, 88, 33, 24, 54, 89, 61, 60, 79, 69, 16, 43, 18, 65]
iteration 9:
atkerence: 2
Average atkerence:0.0
Average elapsed time: 191.06394 ms
